$ANSIBLE_VAULT;1.1;AES256
31636462663636393839636135636431323737633238643434373030613465363537356636623265
6633336461316233623933356535336434336264656431660a623431663664386664646630373634
36356133663061366131393563383963396334653762326531626566383162343063663931323165
6663636563343635610a313063646634616235306363646562646533313034656162373862653766
39663136343436363230386631623836396634393962633963343736323862383263643534623463
35666537646165336636633864326438333065303163613730326539346263346135396263333063
34626162613161316161326565633135303033366363396434633936656236356364663665656137
34356234316637316331653937333135336161376463326331376239336435636232326463376266
32623838643537343966343236653461376338616236646439396330393930303738663664396139
65383036353162353334373265363366656435313333346233656430386432653863306332613338
35313265663430303338396332333464366236656534356135623836313838643161303861326538
63386663356432613838633333336534376566663731333635303264616362333233623739666434
62666261643837646565356134643239306439313064656666363766376637336530643434373931
37656236393965353763336265616561653336613639383864326264316331373335653561626665
66626363323937313538643366313931613561663836333438633862616633303564333666363235
35386633393834376365323939653934393239373761303537646165353366383766616336376234
65333563313436666365626632343734363030333339333935663033333966346635323736306462
63616530336434643465386134643761393366306135653035353333623961653537613331353537
36353735393735626334356432646135366138356331656233316364643731303236313436653337
30653239333863643532623963343035353238313439613638653232353833663436323064656562
65313236623162346236653038643036363130336233383964326137366165363933393935643566
37626334363964656665613135663437316536613632643238636636313233363161626634316538
34643661663463656235666334643865636432613430326435366232623361303635363839623638
30306432633837396130366134386131336631333036633737653837363163663230316630363331
6265
